/begin_header
/investigators=NA
/organization=国家卫星海洋应用中心
/contact=NA
/experiment=HY1B CalVal
/cruise=NA
/station=东瓯
/documents=
/equipment=CE318H1562TV12
/calibration_files=H1562TV12_OC_Calibration_Report.xlsx
/data_type=cast
/data_status=Primary
/start_date=20200112
/end_date=20200112
/start_time=0838
/end_time=1705
/north_latitude=27.675
/south_latitude=27.675
/east_longitude=121.355
/west_longitude=121.355
/water_depth=-999
/measurement_depth=-999
/secchi_depth=-999
/cloud_percent=-999
/wind_speed=-999
/wind_direction=-999
/wave_height=-999
/wave_period=-999
/delimiter=space
/fields=日期,时间,AOT1020,AOT865,AOT779,AOT667,AOT620,AOT560,AOT510,AOT490,AOT442,AOT412,AOT400
/units=YYYYMMDD,HHMMSS,1/m,1/m,1/m,1/m,1/m,1/m,1/m,1/m,1/m,1/m,1/m
/line_number=83
/raw_number=13
/end_header
20200112 083857 3.793595 3.763261 3.728048 3.710424 3.707977 3.683072 3.658728 3.602438 3.550611 3.475601 3.487047
20200112 084157 3.919007 3.859909 3.845286 3.810504 3.797590 3.772822 3.714471 3.710064 3.640727 3.622385 3.593060
20200112 084351 3.979035 3.910956 3.882555 3.854650 3.858410 3.828092 3.785297 3.756690 3.738972 3.648166 3.610037
20200112 084757 3.214297 3.201787 3.222784 3.261823 3.317817 3.339216 3.330658 3.318459 3.300595 3.271604 3.239650
20200112 085057 3.545591 3.505934 3.489487 3.497853 3.514529 3.517129 3.512224 3.514650 3.473421 3.440678 3.415194
20200112 085357 3.324628 3.317191 3.331748 3.366825 3.391444 3.398955 3.423390 3.427843 3.421100 3.400336 3.386007
20200112 085657 3.317926 3.285477 3.281262 3.313235 3.340443 3.350969 3.358828 3.343824 3.321051 3.288272 3.282415
20200112 085957 3.143658 3.143956 3.178264 3.249732 3.299074 3.329272 3.351629 3.352383 3.337388 3.330455 3.320082
20200112 090257 1.112444 1.032393 0.961535 0.985087 1.095836 1.181751 1.200577 1.204957 1.220741 1.205791 1.191087
20200112 091809 0.661513 0.738454 0.828280 0.965578 1.148912 1.219085 1.466334 1.504451 1.311076 1.066051 0.907399
20200112 093247 0.205752 0.218946 0.267824 0.300604 0.374333 0.451654 0.344627 0.399637 0.495603 0.532093 0.609929
20200112 094200 0.091307 0.086042 0.101689 0.141180 0.170344 0.190270 0.206451 0.206994 0.228339 0.260970 0.259944
20200112 094710 0.107589 0.104906 0.122086 0.161633 0.192002 0.212811 0.222946 0.228019 0.249465 0.265732 0.272421
20200112 094916 0.196829 0.193436 0.209104 0.246707 0.263845 0.261546 0.243769 0.240375 0.258167 0.275785 0.281591
20200112 095119 0.109746 0.112032 0.133491 0.179170 0.212371 0.235670 0.254449 0.266703 0.302563 0.336017 0.359449
20200112 095622 0.989359 0.980919 0.995693 1.042396 1.097925 1.123168 0.999148 0.930015 0.918498 0.928291 0.930541
20200112 095958 0.248694 0.271325 0.305951 0.336891 0.349733 0.365607 0.353813 0.338353 0.344623 0.346494 0.345055
20200112 100258 0.254835 0.282135 0.285431 0.317430 0.354542 0.375509 0.379221 0.357037 0.380914 0.404779 0.397422
20200112 101754 0.543347 0.504552 0.529862 0.592157 0.621787 0.625528 0.552824 0.574918 0.634410 0.696601 0.708535
20200112 103301 0.895377 0.932151 0.968770 1.032473 1.087915 1.098056 1.056018 1.036247 1.029369 1.033793 1.033718
20200112 104153 0.103407 0.099563 0.118656 0.160821 0.192809 0.216185 0.228473 0.232471 0.253820 0.270188 0.275398
20200112 104657 0.102095 0.099848 0.120930 0.166129 0.197600 0.221592 0.234867 0.243015 0.270316 0.290195 0.294466
20200112 104859 0.109975 0.109775 0.132428 0.181478 0.216329 0.240475 0.254646 0.261808 0.286338 0.307415 0.316162
20200112 105102 0.321375 0.367363 0.454529 0.532742 0.563938 0.547751 0.498909 0.491038 0.511794 0.521603 0.533084
20200112 105600 0.957019 0.932124 0.839322 0.732624 0.718133 0.733663 0.711239 0.666201 0.639598 0.648560 0.663083
20200112 105958 0.118339 0.121543 0.144715 0.195229 0.229994 0.256745 0.273971 0.282773 0.309927 0.331048 0.338525
20200112 110258 0.182609 0.146430 0.174698 0.228914 0.276324 0.315783 0.356420 0.381604 0.367598 0.384554 0.442233
20200112 111736 0.117412 0.115882 0.138246 0.189305 0.225117 0.250193 0.263984 0.268792 0.291782 0.306874 0.310331
20200112 113201 0.129218 0.133198 0.159972 0.214178 0.250603 0.280840 0.299019 0.305020 0.331278 0.349390 0.355534
20200112 114109 0.118569 0.120525 0.144169 0.195303 0.230417 0.255537 0.269834 0.274950 0.299134 0.318874 0.325269
20200112 114623 0.126743 0.130298 0.154661 0.205890 0.236604 0.261707 0.278073 0.285619 0.314045 0.332919 0.338720
20200112 114824 0.118541 0.120766 0.142177 0.187252 0.218927 0.242234 0.253321 0.259840 0.284505 0.303380 0.308058
20200112 115030 0.108506 0.105601 0.126619 0.171973 0.204781 0.228028 0.240038 0.246081 0.268391 0.284960 0.290306
20200112 115536 0.120745 0.123764 0.148812 0.196595 0.233886 0.262677 0.278570 0.284792 0.305399 0.318060 0.318559
20200112 115958 0.121575 0.124623 0.147660 0.197411 0.232212 0.258898 0.274448 0.275514 0.294040 0.308837 0.313598
20200112 120258 0.123076 0.125967 0.151425 0.203582 0.236805 0.257383 0.269676 0.278611 0.302699 0.318231 0.321736
20200112 121706 0.107170 0.105969 0.127013 0.172596 0.206449 0.228938 0.237155 0.242087 0.262997 0.279769 0.284223
20200112 123123 0.218445 0.260954 0.218346 0.212653 0.245924 0.270444 0.290977 0.291305 0.308111 0.334442 0.350243
20200112 124032 0.112470 0.113029 0.134758 0.181543 0.215254 0.240210 0.254089 0.260165 0.283953 0.302340 0.307270
20200112 124540 0.100431 0.098039 0.117594 0.160391 0.191738 0.212940 0.222712 0.227401 0.248363 0.265031 0.271211
20200112 124745 0.102212 0.100267 0.119692 0.162291 0.193547 0.214291 0.224899 0.229950 0.252063 0.270321 0.276394
20200112 124948 0.105057 0.103816 0.123825 0.167358 0.199877 0.222266 0.232401 0.237199 0.259191 0.276405 0.281750
20200112 125451 0.108314 0.108477 0.129880 0.175199 0.207792 0.229497 0.239993 0.245677 0.269264 0.286922 0.292654
20200112 125958 0.104515 0.104464 0.125306 0.170357 0.203311 0.226577 0.237537 0.243473 0.266367 0.283581 0.289688
20200112 130258 0.105545 0.106414 0.127145 0.172964 0.206350 0.229653 0.240802 0.246480 0.269720 0.288287 0.294929
20200112 131742 0.109508 0.112492 0.134353 0.181349 0.215670 0.240854 0.253654 0.260869 0.285651 0.305122 0.312331
20200112 133201 0.110345 0.115098 0.138193 0.186893 0.222402 0.248312 0.262160 0.269237 0.295478 0.316400 0.324060
20200112 134107 0.129231 0.140343 0.167108 0.223203 0.261674 0.292094 0.309707 0.316552 0.344472 0.365558 0.372556
20200112 134606 0.123185 0.132097 0.157699 0.210793 0.247335 0.275269 0.289387 0.296369 0.323365 0.344425 0.351960
20200112 134807 0.126392 0.136716 0.162814 0.217693 0.255566 0.285579 0.303540 0.313119 0.343262 0.365273 0.373461
20200112 135007 0.137053 0.150664 0.180664 0.240718 0.281368 0.314315 0.334600 0.344478 0.376203 0.398121 0.403214
20200112 135505 0.117033 0.124609 0.149047 0.200799 0.237493 0.264935 0.279899 0.287672 0.314785 0.334843 0.341556
20200112 135958 0.122325 0.131948 0.157981 0.211977 0.249128 0.277187 0.291576 0.299043 0.326034 0.346583 0.353352
20200112 140258 0.111813 0.118710 0.143158 0.194452 0.231042 0.258710 0.273585 0.280907 0.306739 0.326822 0.334497
20200112 141722 0.115958 0.125805 0.150701 0.202744 0.239023 0.266377 0.280854 0.288427 0.314978 0.334589 0.341130
20200112 143157 0.109102 0.117628 0.141015 0.190900 0.226301 0.252659 0.266779 0.274202 0.299948 0.320059 0.327343
20200112 144055 0.108015 0.117452 0.141247 0.192118 0.228707 0.255838 0.270452 0.278206 0.304830 0.325127 0.332236
20200112 144552 0.103194 0.111534 0.134184 0.183150 0.218063 0.243156 0.255252 0.261832 0.286518 0.306156 0.313026
20200112 144759 0.104526 0.112918 0.135763 0.184957 0.220578 0.246128 0.258856 0.265824 0.291109 0.310484 0.317449
20200112 145000 0.104599 0.113534 0.136746 0.186275 0.221940 0.247600 0.259760 0.266825 0.292129 0.311587 0.318959
20200112 145458 0.104566 0.113918 0.137173 0.186758 0.222349 0.248376 0.261403 0.268490 0.294517 0.314952 0.321960
20200112 145957 0.106196 0.116769 0.140457 0.191230 0.227089 0.253455 0.266365 0.273411 0.299530 0.319731 0.326895
20200112 150257 0.108431 0.120006 0.144454 0.196162 0.233000 0.260354 0.274997 0.282505 0.308845 0.329129 0.336781
20200112 151715 0.106076 0.118385 0.142727 0.193940 0.230312 0.257283 0.270685 0.277573 0.303339 0.322821 0.329436
20200112 153105 0.128894 0.150306 0.179277 0.236770 0.275143 0.305810 0.324188 0.331954 0.358679 0.377700 0.382182
20200112 153946 0.108278 0.124689 0.150014 0.203269 0.240926 0.269070 0.283391 0.291083 0.318857 0.339652 0.346986
20200112 154447 0.107964 0.125254 0.151145 0.205970 0.244507 0.274282 0.290635 0.298815 0.328127 0.350411 0.358661
20200112 154646 0.106146 0.123047 0.148514 0.201901 0.239657 0.268464 0.283566 0.291587 0.319967 0.341086 0.348524
20200112 154849 0.106612 0.123872 0.149543 0.203580 0.241653 0.270807 0.286951 0.295315 0.324413 0.346466 0.354316
20200112 160254 0.094924 0.110551 0.133557 0.183165 0.219076 0.245247 0.258619 0.266013 0.292973 0.313938 0.321577
20200112 161656 0.093067 0.110643 0.133827 0.183373 0.219402 0.245905 0.259694 0.266863 0.293864 0.314313 0.321526
20200112 162549 0.095587 0.115379 0.139348 0.190050 0.226455 0.253699 0.268834 0.276721 0.304462 0.325138 0.332764
20200112 163048 0.098248 0.119743 0.144771 0.197112 0.234165 0.262726 0.278964 0.287250 0.316186 0.337820 0.345617
20200112 163247 0.101141 0.123932 0.149756 0.203351 0.240710 0.269744 0.286148 0.294488 0.324238 0.346432 0.354337
20200112 163446 0.103602 0.127266 0.153595 0.207833 0.245411 0.275244 0.293225 0.302265 0.332993 0.355490 0.363392
20200112 163649 0.101851 0.125871 0.152447 0.207249 0.245285 0.276046 0.294890 0.304072 0.335427 0.358299 0.366472
20200112 163848 0.107406 0.133591 0.161314 0.218168 0.256964 0.288804 0.308516 0.318013 0.350639 0.374257 0.382346
20200112 165257 0.117253 0.148930 0.179097 0.239144 0.278663 0.313536 0.337430 0.348566 0.383519 0.406480 0.406290
20200112 165753 0.125383 0.160508 0.192647 0.255480 0.295602 0.332594 0.358181 0.369689 0.406271 0.423597 0.402530
20200112 165954 0.126112 0.161773 0.194174 0.257422 0.297692 0.335532 0.361441 0.373186 0.408473 0.424672 0.373013
20200112 170153 0.124838 0.160620 0.192814 0.255162 0.294373 0.331539 0.356006 0.366485 0.401580 0.390777 0.329565
20200112 170350 0.132350 0.170927 0.205115 0.270699 0.311179 0.350769 0.373058 0.381195 0.405078 0.392419 0.273479
20200112 170549 0.138188 0.178955 0.214633 0.282376 0.323436 0.364059 0.376724 0.380104 0.390839 0.325744 0.229426
