/begin_header
/investigators=NA
/organization=国家卫星海洋应用中心
/contact=NA
/experiment=HY1B CalVal
/cruise=NA
/station=东瓯
/documents=
/equipment=CE318H1562TV12
/calibration_files=H1562TV12_OC_Calibration_Report.xlsx
/data_type=cast
/data_status=Primary
/start_date=20200112
/end_date=20200112
/start_time=0944
/end_time=1654
/north_latitude=27.675
/south_latitude=27.675
/east_longitude=121.355
/west_longitude=121.355
/water_depth=-999
/measurement_depth=-999
/secchi_depth=-999
/cloud_percent=-999
/wind_speed=-999
/wind_direction=-999
/wave_height=-999
/wave_period=-999
/delimiter=space
/fields=日期,时间,nLw1020,nLw865,nLw779,nLw667,nLw620,nLw560,nLw510,nLw490,nLw442,nLw412,nLw400,Rrs1020,Rrs865,Rrs779,Rrs667,Rrs620,Rrs560,Rrs510,Rrs490,Rrs442,Rrs412,Rrs400
/units=YYYYMMDD,HHMMSS,W/m².sr.nm,W/m².sr.nm,W/m².sr.nm,W/m².sr.nm,W/m².sr.nm,W/m².sr.nm,W/m².sr.nm,W/m².sr.nm,W/m².sr.nm,W/m².sr.nm,W/m².sr.nm,1/Sr,1/Sr,1/Sr,1/Sr,1/Sr,1/Sr,1/Sr,1/Sr,1/Sr,1/Sr,1/Sr
/line_number=15
/raw_number=24
/end_header
20200112 094404 3.644024 3.919303 5.938159 37.32243 35.84765 46.86263 38.05541 34.88399 20.13868 21.61758 15.75119 0.005287 0.004083 0.005076 0.024271 0.021405 0.026513 0.020043 0.017218 0.010309 0.012923 0.009057
20200112 095315 0.062270 1.482968 5.959219 23.44338 22.99378 30.77153 24.51195 22.23841 14.25745 12.31869 12.15552 0.000090 0.001545 0.005094 0.015245 0.013730 0.017409 0.012910 0.010976 0.007299 0.007364 0.006989
20200112 104349 1.478072 2.292965 4.567670 27.40601 34.79374 50.65568 33.94634 31.43916 19.75736 14.10065 10.90876 0.002144 0.002389 0.003905 0.017822 0.020776 0.028659 0.017879 0.015518 0.010114 0.008429 0.006272
20200112 105252 0.741428 2.515801 5.386599 29.92270 34.37814 48.30057 29.89556 23.83568 12.46981 10.82547 11.38592 0.001076 0.002621 0.004605 0.019459 0.020527 0.027326 0.015746 0.011765 0.006383 0.006471 0.006547
20200112 114315 0.535071 11.75893 3.929365 24.81734 33.78109 43.11489 31.96952 35.86812 18.87265 14.48582 14.80332 0.000776 0.012249 0.003359 0.016139 0.020171 0.024392 0.016838 0.017704 0.009661 0.008660 0.008512
20200112 115229 0.448197 2.020157 4.719408 23.81604 31.00944 44.38687 32.84544 31.65129 18.68527 14.28825 11.58229 0.000650 0.002104 0.004034 0.015488 0.018516 0.025112 0.017299 0.015622 0.009565 0.008542 0.006660
20200112 124232 0.799589 1.464998 3.570657 19.37713 26.81134 44.87221 31.22081 32.06774 18.38020 15.62170 11.38938 0.001160 0.001526 0.003052 0.012601 0.016009 0.025387 0.016444 0.015828 0.009409 0.009339 0.006549
20200112 125143 0.407851 2.090724 2.698469 21.08732 26.47506 41.83193 33.56562 30.88609 17.82519 13.76082 11.37831 0.000592 0.002178 0.002307 0.013713 0.015808 0.023667 0.017679 0.015245 0.009125 0.008226 0.006542
20200112 134259 0.694024 1.268498 3.105000 19.51851 26.28392 39.21645 32.37440 30.15103 17.92840 13.60614 10.93727 0.001007 0.001321 0.002654 0.012693 0.015694 0.022187 0.017051 0.014882 0.009178 0.008134 0.006289
20200112 135157 0.869765 1.525933 3.030023 21.02828 26.03757 42.68340 36.34092 31.37377 18.06569 13.28291 10.96869 0.001262 0.001590 0.002590 0.013675 0.015547 0.024148 0.019140 0.015485 0.009248 0.007941 0.006307
20200112 144246 4.722961 2.138126 3.306277 20.18061 30.90751 42.39567 31.83105 31.70047 17.32095 13.76925 9.974426 0.006852 0.002227 0.002826 0.013124 0.018455 0.023985 0.016765 0.015647 0.008867 0.008231 0.005735
20200112 145152 0.333639 1.615747 3.598722 24.94589 27.90560 41.04629 30.82075 30.92068 16.90720 13.38724 10.54533 0.000484 0.001683 0.003076 0.016223 0.016663 0.023222 0.016233 0.015262 0.008655 0.008003 0.006063
20200112 154140 0.511143 2.837312 4.675634 25.88811 31.14966 38.31079 28.23087 26.70248 15.40138 12.78674 8.814135 0.000742 0.002956 0.003997 0.016835 0.018600 0.021674 0.014869 0.013180 0.007884 0.007644 0.005068
20200112 162742 0.888527 8.551062 4.954599 22.01434 24.23467 30.80406 20.37471 20.23297 11.32476 7.943049 5.921582 0.001289 0.008908 0.004235 0.014316 0.014471 0.017427 0.010731 0.009986 0.005797 0.004748 0.003405
20200112 165447 0.897605 2.117013 3.468390 14.12061 16.26311 20.61973 16.26486 15.33288 9.949551 6.066055 4.829670 0.001302 0.002205 0.002965 0.009183 0.009711 0.011666 0.008566 0.007568 0.005093 0.003626 0.002777
